 temps =[32,50,65,70,85]